 37
 35
199
 90
 20
163
186
159
198
  5
 49
111
 36
 76
 13
168
 80
162
 67
104
155
117
179
 69
  6
 65
109
 42
 31
 28
133
160
189
  3
167
 61
191
142
119
 44
 75
130
177
 93
124
144
105
113
173
101
131
 46
112
 96
 71
 43
150
192
 18
 24
106
 97
175
 39
122
 86
 82
 79
102
 34
 30
137
128
171
174
200
 40
118
 83
 77
125
123
 56
143
  8
183
190
161
146
 91
166
196
 50
 38
 47
 10
127
 84
132
180
 62
 48
 74
  1
 58
 16
156
 73
103
 25
193
151
 11
 53
170
116
 99
 72
140
 33
115
 85
 64
  2
194
 60
 23
114
 15
 21
 95
 14
 81
197
 63
100
 98
138
108
 78
 52
187
 51
 41
158
181
178
164
165
139
195
147
188
141
 55
  9
 87
184
182
120
121
154
 94
 29
 59
 70
  7
 92
157
176
110
 19
 22
 88
135
  4
134
152
145
 68
129
149
 12
172
 57
 54
 32
 45
169
 26
 66
185